5488778615
5488778615
5488778615
5488778615
5488778615
5488778615
5488778615
5488778615
1924382750
5488778615
5488778615
1924382750
5488778615
5488778615
5488778615
5488778615
5488778615
5488778615
5488778615
5488778615
5488778615
5488778615
5488778615
5488778615
5488778615
5488778615
5488778615
5488778615
5488778615
5488778615
5488778615
5488778615
5488778615
5488778615
5488778615
5488778615
5488778615
5488778615
5488778615
5488778615
5488778615
5488778615
5488778615
